44,5
44,4
93,1
93,0
91,5
91,4
91,3
91,2
91,1
91,0
90,5
90,4
90,3
90,2
90,1
90,0
87,6
87,5
87,4
87,3
87,2
87,1
87,0
86,4
86,3
86,2
86,1
86,0
84,5
84,4
84,3
84,2
84,1
84,0
81,2
81,1
81,0
80,4
80,3
80,2
80,1
80,0
78,4
78,3
78,2
78,1
78,0
77,5
77,4
77,3
77,2
77,1
77,0
76,4
76,3
76,2
76,1
76,0
74,6
74,5
74,4
74,3
74,2
74,1
74,0
73,5
73,4
73,3
73,2
73,1
73,0
69,2
69,1
69,0
68,5
68,4
68,3
68,2
68,1
68,0
67,2
67,1
67,0
65,2
65,1
65,0
64,4
64,3
64,2
64,1
64,0
63,2
63,1
63,0
61,2
61,1
61,0
60,5
60,4
60,3
60,2
60,1
60,0
58,5
58,4
58,3
58,2
58,1
58,0
56,2
56,1
56,0
54,7
54,5
54,4
54,3
54,2
54,1
54,0
52,4
52,3
52,2
52,1
52,0
51,4
51,3
51,2
51,1
51,0
46,2
46,1
46,0
44,2
44,1
44,0
43,4
43,3
43,2
43,1
43,0
42,3
42,2
42,1
42,0
41,4
41,3
41,2
41,1
41,0
37,3
37,2
37,1
37,0
26,3
26,2
26,1
26,0
25,7
25,6
25,5
25,4
25,3
25,2
25,1
25,0
22,3
22,2
22,1
22,0
15,2
15,1
15,0
14,3
14,2
14,1
14,0
11,3
11,2
11,1
11,0
9,3
9,2
9,1
9,0
5,4
5,3
5,2
5,1
5,0
4,3
2,8
2,7
2,4
2,3
2,2
2,1
2,0
0,365
0,348
0,9
93,2
94,0
94,2
94,3
94,5
95,0
95,2
95,4
95,5
95,7
95,8
95,10
95,12
96,0
96,2
97,0
97,2
97,3
98,0
98,2
98,3
103,0
103,1
103,3
103,5
103,6
103,8
103,9
104,1
104,2
104,4
104,3
104,0
103,7
103,4
103,2
98,4
98,1
97,4
97,1
96,1
95,11
95,9
95,6
95,3
95,1
94,4
94,1
96,4
96,3
93,5
93,4
93,3
81,5
81,4
81,3
69,4
69,3
67,4
67,3
65,4
65,3
63,5
63,4
63,3
61,4
61,3
56,5
56,4
56,3
54,6
46,3
44,3
15,6
15,5
15,4
15,3
2,6
2,5
1,3
0,321
0,243
0,1
0,300
0,299
0,298
0,297
0,296
0,295
0,294
0,293
0,292
0,291
0,290
0,289
0,288
0,287
0,286
0,285
0,284
0,283
0,282
0,281
0,280
0,279
0,278
0,277
0,276
0,275
0,274
0,273
0,272
0,271
0,270
0,269
0,268
0,267
0,266
0,265
0,264
0,263
0,262
0,261
0,260
0,259
0,258
0,257
0,256
0,255
0,254
0,253
0,252
0,251
0,250
0,249
0,248
0,247
0,246
0,245
0,244
0,242
0,241
0,240
0,239
0,238
0,237
0,236
0,235
0,234
0,233
0,232
0,231
0,230
0,229
0,228
0,227
0,226
0,225
0,224
0,223
0,222
0,221
0,220
0,219
0,218
0,217
0,216
0,215
0,214
0,213
0,212
0,211
0,210
0,209
0,208
0,207
0,206
0,205
0,204
0,203
0,202
0,201
0,200
0,199
0,198
0,197
0,196
0,195
0,194
0,193
0,192
0,63
0,62
0,61
0,60
0,59
0,58
0,57
0,56
0,55
0,54
0,53
0,52
0,51
0,50
0,49
0,48
0,47
0,46
0,45
0,6
0,0
0,5
0,304
0,303
0,306
0,305
0,302
0,12
0,346
0,10
0,8
0,11
0,4
0,2
0,3
0,7
